1557169155 seed, 60 fps, 1920x1080, fullScreen=1, version60_mouseSpeed1.000000_musicOff0_musicLoudness1.000000_webRetrySeconds16 6AE1F26D71B23CC4993473343583E646F47A27A7
3 T 1557169157.218000 mm 960 540 mm 866 638
0  
1  mm 852 646
0  
0  
0  
0  
0  
0  
0  
0  
0  
0  
0  
0  
0  
0  
0  
0  
0  
0  
0  
0  
0  
0  
0  
0  
0  
0  
0  
0  
0  
0  
0  
0  
1  mm 866 646
0  
0  
0  
1  mm 868 645
1  mm 870 644
1  mm 885 639
1  mm 1199 545
1  mm 1206 522
1  mm 1201 497
0  
0  
0  
0  
0  
0  
0  
0  
0  
0  
0  
0  
0  
0  
0  
0  
0  
0  
0  
0  
0  
0  
0  
0  
0  
0  
0  
0  
0  
0  
0  
0  
0  
0  
0  
0  
0  
0  
0  
0  
0  
0  
0  
0  
0  
0  
0  
0  
0  
0  
0  
0  
0  
0  
2 T 1557169162.116000 R 
0  
0  
0  
0  
0  
0  
0  
0  
0  
0  
0  
0  
0  
0  
0  
0  
0  
0  
0  
0  
0  
0  
0  
0  
0  
0  
0  
0  
0  
0  
0  
0  
0  
0  
0  
0  
0  
0  
0  
0  
0  
0  
0  
0  
0  
0  
0  
0  
0  
0  
0  
0  
0  
0  
0  
0  
0  
0  
0  
0  
0  
0  
0  
0  
0  
0  
0  
1  mm 1201 490
2  mm 1207 477 mm 1213 471
1  mm 1221 458
1  mm 1231 445
1  mm 1238 430
1  mm 1243 416
1  mm 1245 405
1  mm 1250 391
1  mm 1254 381
1  mm 1259 371
1  mm 1263 361
1  mm 1265 355
1  mm 1269 347
2  mm 1271 340 mm 1273 337
1  mm 1276 330
1  mm 1278 326
1  mm 1280 321
1  mm 1281 317
2  mm 1284 312 mm 1285 309
1  mm 1285 307
1  mm 1288 301
1  mm 1289 296
1  mm 1291 291
1  mm 1295 283
1  mm 1299 277
1  mm 1301 274
1  mm 1303 271
0  
0  
0  
0  
0  
2 T 1557169164.134000 R 
0  
0  
0  
1  mb 1 1 1303 271
0  
0  
0  
0  
0  
0  
1  mb 1 0 1303 271
0  
0  
0  
0  
0  
0  
0  
0  
0  
0  
0  
0  
0  
0  
0  
0  
0  
0  
0  
0  
0  
0  
0  
0  
0  
0  
0  
0  
0  
0  
0  
0  
0  
0  
0  
0  
0  
0  
0  
0  
0  
0  
0  
0  
0  
0  
0  
0  
0  
0  
0  
0  
0  
0  
0  
0  
0  
0  
0  
0  
0  
0  
0  
0  
0  
0  
0  
0  
0  
0  
1  mm 1302 274
1  mm 1300 277
1  mm 1297 280
1  mm 1294 283
1  mm 1288 288
1  mm 1284 290
1  mm 1280 294
1  mm 1274 298
1  mm 1267 303
1  mm 1253 313
1  mm 1246 318
1  mm 1226 329
1  mm 1203 344
1  mm 1175 360
1  mm 1144 378
1  mm 1110 398
1  mm 1052 430
1  mm 1008 454
3 T 1557169165.860000 R mm 965 479
1  mm 918 503
1  mm 880 520
1  mm 832 540
1  mm 821 545
1  mm 808 550
1  mm 803 553
0  
0  
0  
0  
0  
0  
0  
0  
0  
0  
0  
0  
0  
0  
0  
0  
0  
0  
0  
0  
0  
0  
0  
0  
0  
0  
0  
0  
0  
0  
0  
0  
0  
0  
0  
0  
0  
0  
0  
0  
0  
0  
0  
0  
0  
0  
0  
0  
0  
0  
0  
0  
0  
0  
0  
0  
0  
0  
0  
0  
0  
0  
0  
0  
0  
0  
0  
0  
1  mm 813 553
1  mm 842 553
1  mm 881 553
1  mm 928 553
1  mm 971 553
1  mm 1022 553
1  mm 1033 553
2  mm 1047 553 mm 1050 552
1  mm 1053 551
1  mm 1055 549
1  mm 1058 542
1  mm 1064 530
1  mm 1081 500
1  mm 1089 490
1  mm 1107 470
1  mm 1125 454
1  mm 1144 439
1  mm 1161 424
1  mm 1174 414
2  mm 1187 405 mm 1193 402
1  mm 1207 396
1  mm 1223 391
1  mm 1240 386
1  mm 1259 381
1  mm 1277 376
3 T 1557169167.523000 R mm 1290 371
1  mm 1299 369
1  mm 1309 365
1  mm 1322 359
1  mm 1337 352
1  mm 1352 345
2  mm 1365 337 mm 1366 336
0  
0  
0  
1  mb 1 1 1366 336
0  
0  
0  
0  
0  
0  
0  
1  mb 1 0 1366 336
0  
0  
0  
0  
0  
0  
0  
0  
0  
0  
0  
0  
0  
0  
0  
0  
0  
0  
0  
0  
0  
0  
0  
0  
0  
0  
0  
0  
0  
0  
0  
0  
0  
0  
0  
0  
0  
0  
0  
0  
0  
0  
0  
0  
0  
1  sd 112 1366 336
0  
0  
0  
1  kd 70 1366 336
0  
0  
0  
0  
0  
1  ku 70 1366 336
0  
0  
0  
1  su 112 1366 336
0  
0  
1  kd 101 1366 336
0  
0  
0  
0  
0  
0  
0  
1  ku 101 1366 336
1  kd 109 1366 336
0  
0  
0  
1  ku 109 1366 336
0  
0  
1  kd 97 1366 336
0  
0  
2 T 1557169169.185000 T 1557169169.186000 
0  
0  
2  ku 97 1366 336 kd 108 1366 336
0  
0  
0  
2  ku 108 1366 336 kd 101 1366 336
0  
0  
0  
0  
0  
0  
1  ku 101 1366 336
0  
0  
0  
0  
0  
0  
0  
0  
0  
0  
0  
0  
0  
0  
0  
0  
0  
0  
0  
0  
0  
0  
0  
0  
0  
0  
0  
0  
0  
0  
0  
0  
0  
0  
0  
0  
0  
0  
0  
0  
0  
0  
0  
0  
0  
0  
0  
0  
0  
0  
0  
0  
0  
0  
0  
0  
0  
0  
0  
0  
0  
0  
0  
0  
0  
0  
0  
0  
0  
0  
0  
0  
0  
0  
0  
0  
0  
0  
0  
0  
0  
0  
0  
0  
0  
2 T 1557169170.852000 R 
0  
0  
0  
0  
0  
0  
0  
0  
0  
0  
0  
0  
0  
0  
0  
0  
0  
0  
0  
0  
0  
0  
0  
0  
1  kd 49 1366 336
0  
0  
0  
0  
0  
0  
0  
0  
0  
0  
0  
0  
0  
0  
0  
0  
0  
0  
0  
0  
0  
0  
0  
0  
0  
0  
0  
0  
0  
0  
0  
0  
0  
0  
0  
0  
0  
0  
0  
0  
0  
0  
0  
0  
0  
0  
0  
0  
0  
0  
0  
1  kd 48 1366 336
0  
0  
0  
0  
0  
0  
0  
0  
1  kd 48 1366 336
0  
0  
0  
0  
0  
0  
0  
0  
0  
0  
0  
0  
0  
2 T 1557169172.519000 R 
0  
0  
0  
0  
0  
0  
0  
0  
0  
0  
0  
0  
0  
0  
0  
0  
0  
0  
0  
0  
0  
0  
0  
0  
0  
0  
0  
0  
0  
0  
0  
0  
0  
0  
0  
0  
0  
0  
1  mm 1346 329
1  mm 1315 327
1  mm 1268 327
1  mm 1232 327
1  mm 1198 327
1  mm 1167 330
1  mm 1142 330
1  mm 1122 330
1  mm 1107 330
1  mm 1098 329
1  mm 1088 324
1  mm 1078 321
1  mm 1069 319
1  mm 1066 317
2  mm 1059 314 mm 1055 311
1  mm 1045 305
1  mm 1037 302
1  mm 1028 300
1  mm 1022 299
1  mm 1015 297
1  mm 1009 295
1  mm 1001 290
1  mm 998 289
0  
0  
0  
0  
1  mb 1 1 998 289
0  
0  
0  
0  
0  
1  mb 1 0 998 289
0  
0  
0  
0  
0  
1  mm 1012 294
1  mm 1033 298
1  mm 1059 302
1  mm 1089 307
1  mm 1120 310
1  mm 1169 318
2  mm 1186 320 mm 1201 322
1  mm 1219 325
1  mm 1249 329
1  mm 1274 333
1  mm 1297 335
1  mm 1324 340
1  mm 1338 344
1  mm 1348 348
1  mm 1357 352
1  mm 1363 354
1  mm 1365 355
1  mm 1368 356
0  
0  
1  mm 1369 357
0  
2 T 1557169174.186000 R 
0  
0  
0  
1  mb 1 1 1369 357
0  
0  
1  mb 1 0 1369 357
0  
0  
0  
0  
0  
0  
0  
0  
0  
0  
0  
0  
0  
0  
0  
0  
0  
0  
0  
0  
0  
0  
0  
0  
0  
0  
0  
0  
0  
0  
0  
0  
0  
0  
0  
0  
0  
0  
1  kd 102 1369 357
0  
0  
1  kd 101 1369 357
0  
0  
0  
0  
1  ku 102 1369 357
0  
0  
0  
1  ku 101 1369 357
0  
1  kd 109 1369 357
0  
0  
0  
1  ku 109 1369 357
0  
1  kd 97 1369 357
0  
0  
0  
0  
1  kd 108 1369 357
0  
1  ku 97 1369 357
0  
1  ku 108 1369 357
1  kd 101 1369 357
0  
0  
0  
0  
0  
0  
1  ku 101 1369 357
0  
0  
0  
0  
0  
0  
0  
0  
0  
0  
0  
0  
0  
0  
0  
0  
2 T 1557169175.853000 R 
0  
0  
0  
0  
0  
0  
0  
0  
0  
0  
0  
0  
0  
0  
0  
0  
0  
0  
1  kd 49 1369 357
0  
0  
0  
0  
0  
0  
0  
0  
0  
0  
0  
0  
1  kd 48 1369 357
0  
0  
0  
0  
0  
0  
0  
0  
0  
0  
0  
1  kd 49 1369 357
0  
0  
0  
0  
0  
0  
0  
0  
0  
0  
0  
0  
0  
0  
0  
0  
0  
0  
0  
0  
0  
0  
0  
0  
0  
0  
0  
0  
0  
0  
0  
0  
0  
0  
0  
0  
0  
0  
0  
0  
0  
0  
0  
0  
0  
0  
0  
0  
0  
0  
0  
0  
0  
0  
0  
2 T 1557169177.519000 R 
0  
0  
0  
0  
0  
0  
0  
0  
0  
0  
0  
0  
0  
0  
0  
0  
0  
0  
0  
0  
0  
0  
0  
0  
0  
0  
0  
0  
0  
0  
0  
0  
0  
0  
0  
0  
0  
0  
0  
0  
0  
0  
0  
0  
0  
0  
0  
0  
0  
0  
0  
0  
0  
0  
0  
0  
0  
0  
0  
0  
0  
0  
0  
0  
0  
0  
1  kd 8 1369 357
0  
0  
0  
1  ku 8 1369 357
0  
0  
0  
0  
0  
1  kd 8 1369 357
0  
0  
0  
1  ku 8 1369 357
0  
0  
0  
0  
0  
1  kd 8 1369 357
0  
0  
1  ku 8 1369 357
0  
0  
0  
0  
1  kd 8 1369 357
0  
0  
0  
0  
3 T 1557169179.186000 R ku 8 1369 357
0  
1  kd 8 1369 357
0  
0  
0  
0  
0  
0  
0  
0  
0  
0  
0  
0  
0  
0  
0  
0  
0  
0  
0  
0  
0  
0  
0  
0  
0  
0  
0  
0  
0  
0  
0  
0  
0  
0  
0  
0  
0  
0  
0  
0  
0  
0  
0  
0  
0  
0  
0  
0  
0  
0  
0  
0  
0  
0  
0  
0  
0  
0  
0  
1  ku 8 1369 357
0  
0  
0  
0  
0  
0  
0  
0  
0  
0  
0  
0  
0  
0  
0  
0  
0  
0  
0  
0  
0  
0  
0  
0  
0  
0  
0  
0  
0  
0  
0  
0  
0  
0  
0  
0  
0  
2 T 1557169180.853000 R 
0  
0  
0  
0  
0  
0  
0  
0  
0  
0  
0  
0  
0  
0  
0  
0  
0  
0  
0  
0  
0  
0  
0  
0  
0  
0  
0  
0  
0  
0  
0  
0  
0  
0  
0  
0  
0  
0  
0  
0  
0  
0  
0  
0  
0  
0  
0  
0  
0  
0  
0  
0  
0  
0  
0  
0  
0  
0  
0  
0  
0  
0  
0  
0  
0  
0  
0  
0  
0  
0  
0  
0  
0  
0  
0  
0  
0  
0  
0  
0  
0  
0  
0  
0  
0  
0  
0  
0  
0  
0  
0  
0  
0  
0  
0  
0  
0  
0  
0  
2 T 1557169182.520000 R 
0  
0  
0  
0  
0  
0  
0  
0  
0  
0  
0  
0  
0  
0  
0  
0  
0  
0  
0  
0  
0  
0  
0  
0  
0  
0  
0  
0  
0  
0  
1  mm 1369 358
1  mm 1369 359
0  
0  
0  
0  
0  
0  
0  
0  
0  
0  
0  
0  
0  
0  
0  
0  
0  
0  
0  
0  
0  
0  
0  
0  
0  
0  
0  
0  
0  
0  
0  
1  kd 27 1369 359
0  
0  
0  
1  ku 27 1369 359
0  
0  
0  
0  
0  
0  
0  
0  
0  
0  
0  
0  
0  
0  
0  
0  
0  
0  
0  
0  
0  
0  
0  
0  
0  
0  
0  
0  
0  
1  sd 113 1369 359
0  
2 T 1557169184.187000 R 
0  
0  
0  
0  
0  
0  
0  
0  
0  
0  
1  kd 37 1369 359
