1557169647 seed, 60 fps, 1920x1080, fullScreen=1, version60_mouseSpeed1.000000_musicOff0_musicLoudness1.000000_webRetrySeconds16 6AE1F26D71B23CC4993473343583E646F47A27A7
3 T 1557169648.691000 mm 960 543 mm 945 529
0  
1  mm 945 528
0  
0  
0  
0  
0  
0  
0  
0  
0  
0  
0  
0  
0  
0  
0  
0  
0  
0  
0  
0  
0  
0  
0  
0  
0  
0  
0  
0  
0  
0  
0  
0  
0  
0  
0  
0  
0  
0  
0  
0  
1  mm 946 534
0  
0  
0  
0  
0  
0  
0  
0  
0  
0  
0  
0  
0  
0  
0  
0  
0  
0  
0  
0  
0  
0  
0  
0  
0  
0  
0  
0  
0  
0  
0  
0  
0  
0  
0  
0  
0  
0  
0  
0  
0  
0  
0  
0  
0  
0  
0  
0  
0  
0  
0  
0  
0  
0  
0  
2 T 1557169658.379000 R 
0  
0  
0  
0  
0  
0  
0  
0  
0  
0  
0  
0  
0  
0  
0  
0  
0  
0  
0  
0  
0  
0  
0  
0  
0  
0  
0  
0  
0  
0  
0  
0  
0  
0  
0  
0  
0  
0  
0  
0  
0  
0  
0  
0  
0  
0  
0  
0  
0  
0  
0  
0  
0  
0  
0  
0  
0  
0  
0  
0  
0  
0  
0  
0  
0  
0  
0  
0  
0  
0  
0  
0  
0  
0  
0  
0  
0  
0  
0  
0  
0  
0  
0  
0  
0  
0  
0  
0  
0  
0  
0  
0  
0  
0  
0  
0  
0  
0  
0  
2 T 1557169660.447000 R 
0  
0  
0  
0  
0  
0  
0  
0  
0  
0  
0  
0  
0  
0  
0  
0  
0  
0  
0  
0  
0  
0  
0  
0  
0  
0  
0  
0  
0  
0  
0  
0  
0  
0  
0  
0  
0  
0  
0  
0  
0  
0  
0  
0  
0  
0  
0  
0  
0  
0  
0  
0  
0  
0  
0  
0  
0  
0  
0  
0  
0  
0  
0  
1  mm 946 543
1  mm 945 548
1  mm 943 550
0  
0  
0  
1  mm 944 553
0  
0  
0  
0  
0  
0  
0  
0  
0  
0  
0  
0  
0  
1  mm 944 552
1  mm 944 539
1  mm 945 533
1  mm 958 516
1  mm 1003 488
1  mm 1018 480
0  
0  
0  
0  
0  
0  
0  
0  
0  
0  
2 T 1557169662.116000 R 
0  
0  
0  
0  
0  
0  
0  
0  
0  
0  
0  
0  
0  
0  
0  
0  
0  
0  
0  
0  
0  
0  
0  
0  
0  
0  
0  
0  
0  
0  
0  
0  
0  
0  
0  
0  
0  
0  
0  
0  
0  
0  
0  
0  
0  
0  
0  
0  
0  
0  
0  
0  
0  
0  
0  
0  
0  
0  
0  
0  
0  
0  
0  
0  
0  
0  
0  
0  
0  
0  
0  
0  
0  
0  
0  
0  
0  
0  
0  
0  
0  
0  
0  
0  
1  mm 1038 466
1  mm 1069 452
1  mm 1100 438
1  mm 1132 424
1  mm 1169 408
1  mm 1203 393
1  mm 1235 379
1  mm 1271 364
1  mm 1302 351
1  mm 1325 338
1  mm 1348 328
1  mm 1370 319
1  mm 1373 318
0  
0  
2 T 1557169663.781000 R 
1  mm 1378 311
1  mm 1388 297
1  mm 1395 285
1  mm 1399 275
1  mm 1400 272
1  mm 1400 269
0  
0  
0  
0  
0  
0  
0  
0  
0  
0  
0  
0  
0  
0  
0  
1  mm 1392 270
1  mm 1376 274
1  mm 1341 279
1  mm 1330 280
1  mm 1308 281
1  mm 1296 281
1  mm 1292 281
0  
0  
0  
0  
0  
0  
0  
0  
0  
0  
0  
0  
0  
0  
0  
1  mb 1 1 1292 281
0  
0  
0  
0  
0  
2  mb 1 0 1292 281 mm 1291 282
0  
0  
0  
0  
0  
0  
0  
0  
0  
0  
0  
0  
0  
0  
0  
0  
0  
0  
0  
0  
0  
0  
0  
0  
0  
0  
0  
0  
0  
0  
0  
0  
0  
0  
0  
0  
0  
0  
0  
0  
0  
0  
0  
0  
0  
0  
1  mm 1285 282
1  mm 1281 282
2  mm 1274 282 mm 1272 282
3 T 1557169665.524000 R mm 1264 282
1  mm 1252 282
1  mm 1247 282
1  mm 1244 282
1  mm 1243 282
1  mm 1242 282
0  
1  mm 1241 282
1  mm 1239 282
1  mm 1236 282
1  mm 1230 282
1  mm 1219 282
1  mm 1211 282
1  mm 1199 282
1  mm 1188 282
1  mm 1169 282
1  mm 1162 282
1  mm 1148 282
1  mm 1136 282
1  mm 1124 282
1  mm 1113 282
1  mm 1101 282
1  mm 1091 282
2  mm 1081 282 mm 1076 282
1  mm 1066 282
1  mm 1054 282
1  mm 1043 282
1  mm 1031 282
1  mm 1019 282
1  mm 1007 282
1  mm 995 282
1  mm 983 282
1  mm 972 282
1  mm 962 282
2  mm 954 282 mm 951 282
1  mm 947 282
1  mm 944 282
0  
0  
0  
0  
0  
0  
0  
0  
0  
0  
0  
0  
0  
0  
0  
0  
0  
0  
0  
0  
0  
0  
0  
0  
0  
0  
0  
0  
0  
0  
0  
0  
0  
0  
0  
0  
0  
0  
0  
0  
0  
0  
0  
0  
0  
0  
0  
0  
0  
0  
0  
0  
0  
0  
0  
0  
0  
0  
0  
0  
0  
0  
0  
2 T 1557169667.182000 R 
0  
0  
0  
0  
0  
0  
0  
0  
0  
0  
0  
0  
0  
0  
0  
0  
0  
0  
0  
0  
0  
0  
0  
0  
0  
0  
0  
0  
0  
0  
0  
0  
0  
0  
0  
0  
0  
0  
0  
0  
0  
1  mm 941 285
1  mm 937 311
1  mm 937 336
1  mm 937 359
1  mm 937 379
1  mm 939 405
1  mm 940 414
1  mm 943 431
1  mm 946 451
1  mm 948 480
1  mm 950 508
1  mm 956 526
1  mm 968 545
1  mm 980 556
1  mm 997 565
1  mm 1017 574
1  mm 1040 580
1  mm 1070 582
1  mm 1079 582
1  mm 1096 582
1  mm 1110 582
1  mm 1123 582
1  mm 1137 581
1  mm 1152 579
1  mm 1159 578
0  
0  
1  mb 3 1 1159 578
0  
0  
0  
0  
0  
0  
0  
1  md 1160 577
1  md 1156 571
1  md 1145 562
1  md 1134 556
1  md 1117 542
1  md 1106 535
1  md 1099 531
1  md 1095 528
1  md 1092 526
1  md 1089 523
1  md 1086 521
1  md 1082 519
0  
0  
0  
0  
0  
0  
0  
0  
0  
0  
0  
2 T 1557169668.849000 R 
1  md 1082 520
1  md 1082 521
1  md 1082 523
1  md 1083 524
2  md 1083 525 md 1083 526
1  md 1083 529
1  md 1085 533
1  md 1086 535
1  md 1089 538
1  md 1091 540
1  md 1093 542
1  md 1096 544
1  md 1099 547
1  md 1105 551
2  md 1110 555 md 1113 556
1  md 1115 557
2  md 1118 557 md 1121 559
1  md 1129 562
1  md 1139 565
1  md 1152 567
1  md 1165 571
1  md 1176 572
1  md 1185 576
1  md 1191 578
1  md 1195 581
2  md 1202 586 md 1206 590
1  md 1210 594
1  md 1219 608
1  md 1224 616
1  md 1227 626
1  md 1230 634
1  md 1231 645
1  md 1234 655
1  md 1235 663
1  md 1235 669
1  md 1235 670
0  
0  
0  
0  
0  
0  
0  
0  
0  
0  
0  
0  
0  
0  
0  
0  
0  
0  
1  md 1230 662
1  md 1225 650
1  md 1220 637
1  md 1215 627
1  md 1210 618
1  md 1207 614
0  
0  
0  
0  
0  
0  
1  md 1207 612
1  md 1206 607
1  md 1203 602
1  md 1202 599
1  md 1201 598
1  md 1200 597
0  
0  
0  
0  
0  
0  
0  
0  
0  
0  
0  
0  
0  
0  
0  
0  
0  
0  
1  md 1192 594
1  md 1190 592
1  md 1186 588
1  md 1183 586
1  md 1180 583
1  md 1178 581
1  md 1175 578
1  md 1171 574
1  md 1166 568
3 T 1557169670.519000 R md 1163 565
1  md 1158 558
1  md 1156 556
1  md 1155 554
0  
0  
0  
0  
0  
0  
0  
0  
0  
0  
1  md 1153 548
1  md 1152 543
1  md 1152 540
1  md 1152 538
1  md 1152 535
0  
1  md 1152 534
2  md 1152 533 md 1151 530
1  md 1151 528
1  md 1151 524
1  md 1151 523
0  
0  
0  
0  
0  
0  
0  
0  
0  
0  
0  
0  
0  
0  
0  
0  
0  
1  md 1151 524
1  md 1151 528
1  md 1151 529
1  md 1151 531
1  md 1151 534
1  md 1151 535
0  
1  md 1152 536
0  
1  md 1153 538
1  md 1153 540
0  
1  md 1153 541
0  
0  
0  
0  
0  
0  
0  
0  
0  
0  
0  
0  
0  
0  
1  md 1154 542
0  
0  
1  md 1154 543
1  md 1155 545
1  md 1155 546
1  md 1155 549
1  md 1156 550
0  
0  
0  
0  
0  
0  
1  mb 3 0 1156 550
1  mm 1154 537
1  mm 1136 495
1  mm 1116 467
2  mm 1089 436 mm 1075 423
1  mm 1059 409
1  mm 1031 389
1  mm 1018 381
1  mm 998 366
1  mm 982 354
1  mm 971 344
1  mm 965 334
1  mm 965 330
1  mm 965 327
1  mm 963 324
1  mm 963 320
1  mm 962 315
3 T 1557169672.195000 R mm 961 302
1  mm 960 297
1  mm 958 287
1  mm 957 282
1  mm 957 275
1  mm 956 270
1  mm 956 269
0  
0  
0  
1  mb 1 1 956 269
0  
0  
0  
0  
1  mb 1 0 956 269
0  
0  
0  
0  
0  
0  
0  
1  mm 979 276
1  mm 1019 286
2  mm 1035 287 mm 1053 290
1  mm 1070 292
1  mm 1107 298
1  mm 1147 304
1  mm 1186 310
1  mm 1237 320
1  mm 1264 327
1  mm 1285 334
1  mm 1303 335
1  mm 1318 337
1  mm 1330 340
1  mm 1339 341
1  mm 1348 342
1  mm 1355 344
1  mm 1363 345
1  mm 1369 345
1  mm 1374 346
1  mm 1383 350
1  mm 1388 351
1  mm 1394 354
1  mm 1399 356
1  mm 1401 358
2  mm 1403 361 mm 1405 363
1  mm 1406 365
1  mm 1409 370
1  mm 1410 375
1  mm 1410 379
1  mm 1411 381
1  mm 1411 384
1  mm 1411 389
1  mm 1411 392
1  mm 1411 395
1  mm 1411 398
1  mm 1411 399
1  mm 1411 400
1  mm 1411 401
1  mm 1411 403
1  mm 1411 404
1  mm 1411 405
0  
1  mm 1411 406
0  
0  
0  
0  
0  
0  
0  
0  
0  
0  
0  
0  
0  
0  
0  
0  
0  
0  
0  
0  
0  
0  
0  
0  
0  
0  
0  
0  
0  
0  
0  
0  
0  
0  
2 T 1557169673.849000 R 
0  
0  
0  
0  
0  
0  
0  
0  
0  
0  
0  
0  
0  
0  
0  
0  
0  
0  
0  
0  
0  
0  
0  
0  
0  
0  
0  
0  
0  
0  
0  
1  mm 1411 420
1  mm 1407 445
1  mm 1402 477
1  mm 1398 511
1  mm 1396 546
1  mm 1396 576
1  mm 1396 603
1  mm 1396 635
1  mm 1396 652
1  mm 1396 667
1  mm 1396 684
1  mm 1396 689
1  mm 1399 695
1  mm 1400 700
1  mm 1401 704
1  mm 1403 707
1  mm 1404 710
1  mm 1407 715
1  mm 1409 717
1  mm 1412 721
1  mm 1415 725
1  mm 1421 731
1  mm 1426 737
1  mm 1431 745
1  mm 1435 750
1  mm 1439 756
1  mm 1439 758
0  
0  
0  
1  mm 1440 759
0  
0  
0  
0  
0  
0  
0  
1  mm 1439 758
1  mm 1437 754
0  
1  mm 1436 752
1  mm 1435 749
0  
0  
0  
1  mm 1435 748
0  
0  
0  
0  
0  
0  
0  
0  
0  
0  
0  
0  
0  
0  
0  
0  
0  
0  
0  
0  
0  
2 T 1557169675.516000 R 
0  
0  
0  
0  
0  
0  
0  
0  
0  
0  
0  
0  
0  
0  
0  
0  
0  
0  
1  mm 1435 733
1  mm 1431 702
2  mm 1426 661 mm 1423 639
1  mm 1417 602
1  mm 1413 569
1  mm 1408 540
1  mm 1405 517
1  mm 1402 496
1  mm 1400 477
1  mm 1397 459
1  mm 1395 447
1  mm 1393 437
1  mm 1391 430
1  mm 1390 424
1  mm 1388 419
1  mm 1387 417
0  
0  
0  
0  
0  
1  mm 1387 414
1  mm 1385 402
1  mm 1383 392
1  mm 1380 382
1  mm 1377 373
2  mm 1376 368 mm 1376 367
0  
1  mm 1375 366
0  
0  
0  
0  
1  mm 1375 365
1  mm 1375 360
1  mm 1375 356
1  mm 1374 352
1  mm 1373 351
1  mm 1372 349
0  
0  
0  
0  
1  mb 1 1 1372 349
0  
0  
0  
0  
0  
1  mb 1 0 1372 349
0  
0  
0  
0  
0  
0  
0  
0  
0  
0  
0  
0  
0  
0  
0  
0  
0  
0  
0  
0  
0  
0  
0  
0  
0  
0  
0  
0  
0  
0  
0  
2 T 1557169677.183000 R 
0  
0  
0  
0  
0  
0  
0  
0  
0  
0  
0  
0  
0  
0  
0  
0  
0  
0  
0  
0  
0  
0  
0  
0  
0  
0  
0  
0  
0  
0  
0  
0  
0  
0  
0  
0  
0  
1  sd 112 1372 349
0  
0  
0  
0  
0  
0  
1  kd 70 1372 349
0  
0  
0  
0  
1  su 112 1372 349
0  
1  ku 102 1372 349
0  
1  kd 101 1372 349
0  
0  
0  
0  
0  
0  
0  
1  ku 101 1372 349
1  kd 109 1372 349
0  
0  
0  
0  
1  ku 109 1372 349
0  
1  kd 97 1372 349
0  
0  
0  
0  
0  
0  
2  ku 97 1372 349 kd 108 1372 349
0  
0  
0  
1  ku 108 1372 349
0  
0  
1  kd 101 1372 349
0  
0  
0  
0  
0  
1  ku 101 1372 349
0  
0  
0  
0  
0  
0  
0  
0  
0  
2 T 1557169678.850000 R 
0  
0  
0  
0  
0  
0  
0  
0  
0  
0  
0  
0  
0  
0  
0  
0  
0  
0  
0  
0  
0  
0  
0  
0  
0  
0  
0  
0  
0  
0  
0  
0  
0  
0  
0  
0  
0  
0  
0  
0  
0  
0  
0  
0  
0  
0  
0  
1  kd 49 1372 349
0  
0  
0  
0  
0  
0  
0  
0  
0  
0  
0  
0  
0  
0  
0  
0  
0  
0  
0  
0  
0  
0  
0  
0  
0  
0  
0  
0  
0  
0  
0  
0  
0  
0  
0  
0  
0  
0  
0  
0  
0  
0  
0  
0  
0  
0  
0  
0  
0  
0  
0  
2 T 1557169680.517000 R 
0  
0  
0  
0  
0  
0  
0  
0  
0  
0  
0  
0  
0  
0  
0  
0  
0  
0  
0  
0  
0  
0  
0  
0  
0  
0  
0  
0  
0  
0  
0  
0  
0  
0  
0  
0  
0  
0  
0  
0  
0  
0  
0  
0  
0  
0  
0  
0  
0  
0  
0  
0  
0  
0  
0  
0  
0  
0  
0  
0  
0  
0  
0  
0  
0  
0  
0  
0  
0  
0  
0  
0  
0  
0  
0  
0  
0  
0  
0  
0  
0  
0  
0  
0  
0  
0  
0  
0  
0  
0  
0  
0  
0  
0  
0  
0  
0  
0  
0  
2 T 1557169682.183000 R 
0  
0  
0  
0  
0  
0  
0  
0  
0  
0  
0  
0  
0  
0  
0  
0  
0  
0  
0  
0  
0  
0  
0  
0  
0  
0  
0  
0  
0  
0  
0  
0  
0  
0  
0  
0  
0  
0  
0  
0  
0  
0  
0  
0  
0  
0  
0  
0  
0  
0  
0  
0  
0  
0  
0  
0  
0  
0  
0  
0  
0  
0  
0  
0  
0  
0  
0  
0  
0  
0  
0  
0  
0  
0  
0  
0  
0  
0  
0  
0  
0  
0  
0  
0  
0  
0  
0  
0  
0  
0  
0  
0  
0  
0  
0  
0  
0  
0  
0  
2 T 1557169683.850000 R 
0  
0  
0  
0  
0  
0  
0  
0  
0  
0  
0  
0  
0  
0  
0  
0  
0  
0  
0  
0  
0  
0  
0  
0  
0  
0  
0  
0  
0  
0  
0  
0  
0  
0  
0  
0  
0  
0  
0  
0  
0  
0  
0  
0  
0  
0  
0  
0  
0  
0  
0  
0  
0  
0  
0  
0  
0  
0  
0  
0  
0  
0  
0  
0  
0  
0  
0  
0  
0  
0  
0  
0  
0  
0  
0  
0  
0  
0  
0  
0  
0  
0  
0  
0  
0  
0  
0  
0  
0  
0  
0  
0  
0  
0  
0  
0  
0  
0  
0  
2 T 1557169685.517000 R 
0  
0  
0  
0  
0  
0  
0  
0  
0  
0  
0  
0  
0  
0  
0  
0  
0  
0  
0  
0  
0  
0  
0  
0  
0  
0  
0  
0  
0  
0  
0  
0  
0  
0  
0  
0  
0  
0  
0  
0  
0  
0  
0  
0  
0  
0  
0  
0  
0  
0  
0  
0  
0  
0  
0  
0  
0  
0  
0  
0  
0  
0  
0  
0  
0  
0  
0  
0  
0  
0  
0  
0  
0  
0  
0  
0  
0  
0  
0  
0  
0  
0  
0  
0  
0  
0  
0  
0  
0  
0  
0  
0  
0  
0  
0  
0  
0  
0  
0  
2 T 1557169687.184000 R 
0  
0  
0  
0  
0  
0  
0  
0  
0  
0  
0  
0  
0  
0  
0  
0  
0  
0  
0  
0  
0  
0  
0  
0  
0  
0  
0  
0  
0  
0  
0  
0  
0  
0  
0  
0  
0  
0  
0  
0  
0  
0  
0  
0  
0  
0  
0  
0  
0  
0  
0  
0  
0  
0  
0  
0  
0  
0  
0  
0  
0  
0  
0  
0  
0  
0  
0  
0  
0  
0  
0  
0  
0  
0  
0  
0  
0  
0  
0  
0  
0  
0  
0  
0  
0  
0  
0  
0  
0  
0  
0  
0  
0  
0  
0  
0  
0  
0  
0  
2 T 1557169688.850000 R 
0  
0  
0  
0  
0  
0  
0  
0  
0  
0  
0  
0  
0  
0  
0  
0  
0  
0  
0  
0  
0  
0  
0  
0  
0  
0  
0  
0  
0  
0  
0  
0  
0  
0  
0  
0  
0  
0  
0  
0  
0  
0  
0  
0  
0  
0  
0  
0  
0  
0  
0  
0  
0  
0  
0  
0  
0  
0  
0  
0  
0  
0  
0  
0  
0  
0  
0  
0  
0  
0  
0  
0  
0  
0  
0  
0  
0  
0  
0  
0  
0  
0  
0  
0  
0  
0  
0  
0  
0  
0  
0  
0  
0  
0  
0  
0  
0  
0  
0  
2 T 1557169690.517000 R 
0  
0  
0  
0  
0  
0  
0  
0  
0  
0  
0  
0  
0  
0  
0  
0  
0  
0  
0  
0  
0  
0  
0  
0  
0  
0  
0  
0  
0  
0  
0  
0  
0  
0  
0  
0  
0  
0  
0  
0  
0  
0  
0  
0  
0  
0  
0  
0  
0  
0  
0  
0  
0  
0  
0  
0  
0  
0  
0  
0  
0  
0  
0  
0  
0  
0  
0  
0  
0  
0  
0  
0  
0  
0  
0  
0  
0  
0  
0  
0  
0  
0  
0  
0  
0  
0  
0  
0  
0  
0  
0  
0  
0  
0  
0  
0  
0  
0  
0  
2 T 1557169692.184000 R 
0  
0  
0  
0  
0  
0  
0  
0  
0  
0  
0  
0  
0  
0  
0  
0  
0  
0  
0  
0  
0  
0  
0  
0  
0  
0  
0  
0  
0  
0  
0  
0  
0  
0  
0  
0  
0  
0  
0  
0  
0  
0  
0  
0  
0  
0  
0  
0  
0  
0  
0  
0  
0  
0  
0  
0  
0  
0  
0  
0  
0  
0  
0  
0  
0  
0  
0  
0  
0  
0  
0  
0  
0  
0  
0  
0  
0  
0  
0  
0  
0  
0  
0  
0  
0  
0  
0  
0  
0  
0  
0  
0  
0  
0  
0  
0  
0  
0  
0  
2 T 1557169693.851000 R 
0  
0  
0  
0  
0  
0  
0  
0  
0  
0  
0  
0  
0  
0  
0  
0  
0  
0  
0  
0  
0  
0  
0  
0  
0  
0  
0  
0  
0  
0  
0  
0  
0  
0  
0  
0  
0  
0  
0  
0  
0  
0  
0  
0  
0  
0  
0  
0  
0  
0  
0  
0  
0  
0  
0  
0  
0  
0  
0  
0  
0  
0  
0  
0  
0  
0  
0  
0  
0  
0  
0  
0  
0  
0  
0  
0  
0  
0  
0  
0  
0  
0  
0  
0  
0  
0  
0  
0  
0  
0  
0  
0  
0  
0  
0  
0  
0  
0  
0  
2 T 1557169695.518000 R 
0  
0  
0  
0  
0  
0  
0  
0  
0  
0  
0  
0  
0  
0  
0  
0  
0  
0  
0  
0  
0  
0  
0  
0  
0  
0  
0  
0  
0  
0  
0  
0  
0  
0  
0  
0  
0  
0  
0  
0  
0  
0  
0  
0  
0  
0  
0  
0  
0  
0  
0  
0  
0  
0  
0  
0  
0  
0  
0  
0  
0  
0  
0  
0  
0  
0  
0  
0  
0  
0  
0  
0  
0  
0  
0  
0  
0  
0  
0  
0  
0  
0  
0  
0  
0  
0  
0  
0  
0  
0  
0  
0  
0  
0  
0  
0  
0  
0  
0  
2 T 1557169697.185000 R 
0  
0  
0  
0  
0  
0  
0  
0  
0  
0  
0  
0  
0  
0  
0  
0  
0  
0  
0  
0  
0  
0  
0  
0  
0  
0  
0  
0  
0  
0  
0  
0  
0  
0  
0  
0  
0  
0  
0  
0  
0  
0  
0  
0  
0  
0  
0  
0  
0  
0  
0  
0  
0  
0  
0  
0  
0  
0  
0  
0  
0  
0  
0  
0  
0  
0  
0  
0  
0  
0  
0  
0  
0  
0  
1  mm 1372 350
0  
1  mm 1372 353
0  
0  
1  mm 1372 354
1  mm 1372 355
1  mm 1372 356
0  
0  
0  
0  
0  
1  mm 1372 358
0  
0  
0  
0  
0  
0  
0  
0  
0  
0  
0  
2 T 1557169698.852000 R 
0  
0  
0  
0  
0  
0  
0  
0  
0  
0  
0  
0  
0  
1  kd 48 1372 358
0  
0  
0  
0  
0  
0  
0  
0  
0  
0  
0  
0  
0  
0  
0  
0  
0  
0  
0  
0  
0  
0  
0  
0  
0  
0  
0  
1  mm 1372 359
0  
0  
0  
0  
0  
0  
0  
0  
0  
0  
0  
0  
1  mm 1372 360
0  
0  
0  
0  
0  
0  
0  
0  
0  
0  
1  kd 49 1372 360
0  
0  
0  
0  
0  
0  
0  
0  
0  
0  
0  
0  
0  
0  
0  
0  
0  
0  
0  
0  
0  
0  
1  mm 1372 361
0  
0  
0  
1  mm 1372 363
0  
1  mm 1372 364
0  
0  
0  
0  
2 T 1557169700.518000 R 
0  
0  
0  
0  
0  
0  
0  
0  
0  
0  
0  
0  
0  
0  
0  
0  
0  
0  
0  
0  
0  
0  
0  
0  
0  
0  
0  
0  
0  
0  
0  
0  
0  
0  
0  
0  
0  
0  
0  
1  kd 8 1372 364
0  
0  
0  
1  ku 8 1372 364
0  
0  
0  
0  
1  kd 8 1372 364
0  
0  
0  
1  ku 8 1372 364
0  
0  
0  
0  
0  
0  
1  kd 8 1372 364
0  
0  
0  
1  ku 8 1372 364
0  
0  
0  
0  
1  kd 8 1372 364
0  
0  
0  
0  
1  ku 8 1372 364
0  
0  
0  
0  
1  kd 8 1372 364
0  
0  
0  
0  
0  
1  ku 8 1372 364
0  
0  
0  
0  
0  
0  
0  
0  
0  
0  
0  
0  
0  
0  
2 T 1557169702.186000 R 
0  
0  
0  
0  
0  
0  
0  
0  
0  
0  
0  
0  
0  
0  
0  
0  
0  
0  
0  
0  
0  
0  
0  
0  
0  
0  
0  
0  
0  
0  
0  
0  
0  
0  
0  
0  
0  
0  
0  
0  
0  
0  
0  
0  
0  
0  
0  
0  
0  
0  
0  
0  
0  
0  
0  
0  
0  
0  
0  
0  
0  
0  
0  
0  
0  
0  
0  
1  kd 8 1372 364
0  
0  
0  
0  
1  ku 8 1372 364
0  
0  
0  
0  
0  
1  kd 8 1372 364
0  
0  
0  
0  
1  ku 8 1372 364
0  
0  
0  
0  
0  
1  kd 8 1372 364
0  
0  
0  
1  ku 8 1372 364
0  
0  
0  
0  
0  
3 T 1557169703.852000 R kd 8 1372 364
0  
0  
0  
0  
1  ku 8 1372 364
0  
0  
0  
0  
0  
0  
0  
0  
0  
0  
0  
0  
1  kd 8 1372 364
0  
0  
0  
0  
0  
1  ku 8 1372 364
0  
0  
0  
0  
0  
0  
0  
0  
0  
0  
0  
0  
0  
0  
0  
0  
0  
0  
1  mm 1372 365
1  mm 1372 368
2  mm 1372 370 mm 1372 371
1  mm 1372 375
1  mm 1372 378
1  mm 1372 381
1  mm 1372 385
1  mm 1373 389
1  mm 1374 391
0  
0  
0  
0  
0  
0  
0  
0  
0  
1  mm 1374 396
1  mm 1375 400
1  mm 1375 403
1  mm 1375 405
1  mm 1376 407
1  mm 1376 408
0  
0  
0  
1  mb 1 1 1376 408
0  
0  
0  
0  
0  
0  
1  mb 1 0 1376 408
0  
0  
0  
0  
0  
0  
0  
0  
0  
0  
1  mm 1376 410
1  mm 1376 411
1  mm 1376 414
1  mm 1378 418
1  mm 1378 420
1  mm 1378 424
1  mm 1379 426
1  mm 1379 428
0  
1  mm 1380 431
1  mm 1380 434
1  mm 1381 436
3 T 1557169705.524000 R mm 1381 439
1  mm 1381 443
1  mm 1383 445
1  mm 1383 449
1  mm 1384 453
1  mm 1385 459
1  mm 1385 463
1  mm 1386 469
1  mm 1386 473
1  mm 1388 478
1  mm 1388 480
1  mm 1388 483
1  mm 1388 485
1  mm 1389 486
0  
0  
0  
0  
0  
0  
0  
1  mb 1 1 1389 486
0  
0  
0  
0  
0  
0  
1  mb 1 0 1389 486
0  
0  
0  
0  
0  
0  
0  
0  
0  
0  
0  
0  
0  
0  
0  
0  
0  
0  
0  
0  
0  
0  
0  
0  
0  
1  mm 1389 490
1  mm 1389 494
2  mm 1390 500 mm 1390 501
1  mm 1390 504
1  mm 1391 508
1  mm 1392 512
2  mm 1393 515 mm 1393 516
1  mm 1393 519
1  mm 1393 521
1  mm 1394 525
1  mm 1394 528
1  mm 1394 530
0  
1  mm 1395 534
1  mm 1396 537
1  mm 1396 539
1  mm 1396 541
1  mm 1396 543
1  mm 1396 544
0  
0  
0  
0  
0  
0  
0  
1  mb 1 1 1396 544
0  
0  
0  
0  
0  
0  
1  mb 1 0 1396 544
0  
0  
0  
0  
0  
0  
0  
0  
0  
0  
0  
0  
2 T 1557169707.203000 R 
0  
0  
0  
0  
0  
0  
0  
0  
0  
0  
0  
0  
0  
0  
0  
0  
0  
0  
0  
0  
0  
0  
0  
0  
0  
0  
0  
0  
0  
0  
0  
0  
0  
0  
0  
0  
0  
0  
0  
0  
0  
0  
0  
0  
0  
0  
0  
0  
0  
0  
0  
0  
0  
0  
0  
0  
0  
0  
0  
0  
0  
0  
0  
0  
0  
0  
0  
0  
0  
0  
0  
0  
0  
0  
0  
0  
0  
0  
0  
0  
0  
0  
0  
0  
0  
0  
0  
0  
0  
0  
0  
0  
0  
0  
0  
0  
0  
0  
0  
2 T 1557169708.869000 R 
0  
0  
0  
0  
0  
0  
0  
0  
0  
0  
0  
0  
0  
0  
0  
0  
0  
0  
0  
0  
0  
0  
0  
0  
0  
0  
0  
0  
0  
0  
0  
0  
0  
0  
0  
0  
0  
0  
0  
0  
0  
0  
0  
0  
0  
0  
0  
0  
0  
0  
0  
0  
0  
0  
0  
0  
0  
0  
0  
0  
0  
0  
0  
0  
0  
0  
0  
0  
0  
0  
0  
0  
0  
0  
0  
0  
0  
0  
0  
0  
0  
0  
0  
0  
0  
0  
0  
0  
0  
0  
0  
0  
0  
0  
0  
0  
0  
0  
0  
2 T 1557169710.536000 R 
0  
0  
0  
0  
0  
0  
0  
0  
0  
0  
0  
0  
0  
0  
0  
0  
0  
0  
0  
0  
0  
0  
0  
0  
0  
0  
0  
0  
0  
0  
0  
0  
0  
0  
0  
0  
0  
0  
0  
0  
0  
0  
0  
0  
0  
0  
0  
0  
0  
0  
0  
0  
0  
0  
0  
0  
0  
0  
0  
0  
0  
0  
0  
0  
0  
0  
0  
0  
0  
0  
0  
0  
0  
0  
0  
0  
0  
0  
0  
0  
0  
0  
0  
0  
0  
0  
0  
0  
0  
0  
0  
0  
0  
0  
0  
0  
0  
0  
0  
2 T 1557169712.203000 R 
0  
0  
0  
0  
0  
0  
0  
0  
0  
0  
0  
0  
0  
0  
0  
0  
0  
0  
0  
0  
0  
0  
0  
0  
0  
0  
0  
0  
0  
0  
0  
0  
0  
0  
0  
0  
0  
0  
0  
0  
0  
0  
0  
0  
0  
0  
0  
0  
0  
0  
0  
0  
0  
0  
0  
0  
0  
0  
0  
0  
0  
0  
0  
0  
0  
0  
0  
0  
1  mm 1390 544
1  mm 1358 544
1  mm 1336 544
1  mm 1321 544
1  mm 1313 544
0  
0  
0  
0  
0  
0  
0  
1  mm 1312 545
0  
0  
0  
0  
0  
0  
0  
0  
0  
0  
0  
0  
0  
0  
0  
0  
0  
0  
2 T 1557169713.870000 R 
0  
0  
0  
0  
0  
1  mm 1313 542
1  mm 1321 526
1  mm 1328 516
1  mm 1336 507
2  mm 1341 502 mm 1343 500
1  mm 1347 496
1  mm 1353 492
2  mm 1356 489 mm 1358 489
1  mm 1362 486
2  mm 1364 485 mm 1366 483
1  mm 1368 482
2  mm 1371 479 mm 1373 477
1  mm 1377 474
1  mm 1379 472
1  mm 1381 470
0  
0  
0  
0  
0  
0  
0  
0  
0  
0  
0  
0  
0  
0  
0  
1  mb 1 1 1381 470
0  
0  
0  
0  
0  
1  mb 1 0 1381 470
0  
0  
0  
0  
0  
0  
0  
0  
0  
0  
0  
0  
0  
0  
0  
0  
0  
0  
0  
0  
0  
0  
0  
0  
0  
0  
0  
0  
0  
0  
0  
0  
0  
0  
0  
0  
0  
0  
0  
0  
0  
0  
0  
0  
0  
0  
0  
0  
0  
0  
0  
0  
0  
0  
1  mm 1381 469
1  mm 1381 465
1  mm 1381 457
3 T 1557169715.540000 R mm 1381 439
1  mm 1381 424
2  mm 1381 412 mm 1381 405
1  mm 1381 394
1  mm 1381 384
1  mm 1381 375
1  mm 1381 369
2  mm 1381 367 mm 1381 364
1  mm 1381 362
1  mm 1381 359
0  
1  mm 1381 358
0  
1  mm 1381 357
1  mm 1381 350
0  
1  mm 1381 349
0  
0  
0  
0  
1  mb 1 1 1381 349
0  
0  
0  
0  
0  
0  
1  mb 1 0 1381 349
0  
0  
0  
0  
0  
0  
0  
0  
0  
0  
0  
0  
0  
0  
0  
0  
0  
0  
0  
0  
0  
0  
0  
0  
0  
0  
0  
0  
0  
0  
0  
0  
0  
0  
0  
0  
0  
0  
0  
0  
0  
0  
0  
0  
0  
0  
0  
0  
0  
0  
0  
0  
0  
0  
0  
0  
0  
0  
0  
0  
0  
0  
0  
0  
0  
0  
0  
0  
0  
0  
0  
2 T 1557169717.203000 R 
0  
0  
0  
1  sd 112 1381 349
0  
0  
0  
0  
0  
0  
0  
0  
0  
0  
0  
0  
0  
0  
1  kd 77 1381 349
0  
0  
0  
0  
0  
0  
0  
1  ku 77 1381 349
1  su 112 1381 349
0  
0  
0  
0  
0  
0  
0  
1  kd 97 1381 349
0  
0  
0  
0  
0  
0  
1  ku 97 1381 349
0  
1  kd 108 1381 349
0  
0  
0  
0  
0  
2  kd 101 1381 349 ku 108 1381 349
0  
0  
0  
0  
0  
0  
1  ku 101 1381 349
0  
0  
0  
0  
0  
0  
0  
0  
0  
0  
0  
0  
0  
0  
0  
0  
0  
0  
0  
0  
0  
0  
0  
0  
0  
0  
0  
0  
0  
0  
0  
0  
0  
0  
0  
0  
0  
0  
0  
0  
0  
2 T 1557169718.870000 R 
1  kd 48 1381 349
0  
0  
0  
0  
0  
0  
0  
0  
0  
0  
0  
0  
0  
0  
1  kd 49 1381 349
0  
0  
0  
0  
0  
0  
0  
2  kd 56 1381 349 kd 53 1381 349
0  
0  
0  
0  
0  
0  
0  
0  
0  
0  
0  
0  
0  
0  
0  
0  
0  
0  
0  
0  
0  
0  
0  
0  
0  
0  
0  
0  
0  
0  
0  
0  
0  
0  
0  
0  
0  
0  
0  
0  
0  
0  
0  
0  
0  
0  
0  
0  
0  
0  
0  
0  
0  
0  
0  
0  
0  
0  
0  
0  
0  
0  
0  
0  
0  
0  
0  
0  
0  
0  
0  
0  
0  
0  
0  
2 T 1557169720.537000 R 
0  
0  
0  
0  
0  
0  
0  
0  
0  
1  kd 8 1381 349
0  
0  
0  
0  
1  ku 8 1381 349
0  
0  
0  
0  
0  
1  kd 8 1381 349
0  
0  
0  
0  
1  ku 8 1381 349
0  
0  
0  
0  
1  kd 53 1381 349
0  
0  
0  
0  
0  
0  
0  
0  
0  
0  
0  
0  
0  
0  
0  
0  
0  
0  
0  
0  
0  
0  
0  
0  
0  
0  
0  
0  
0  
0  
0  
0  
0  
0  
0  
0  
0  
0  
0  
0  
0  
0  
0  
0  
0  
0  
0  
0  
0  
0  
0  
0  
0  
0  
0  
0  
0  
0  
0  
0  
0  
0  
0  
0  
0  
0  
0  
0  
2 T 1557169722.204000 R 
0  
0  
0  
0  
0  
0  
0  
0  
0  
0  
0  
0  
0  
0  
0  
0  
0  
0  
0  
0  
0  
0  
0  
0  
0  
0  
0  
0  
0  
0  
0  
0  
0  
0  
0  
0  
0  
0  
0  
0  
0  
0  
0  
0  
0  
0  
0  
0  
0  
0  
0  
0  
0  
0  
0  
0  
0  
0  
0  
0  
0  
0  
0  
0  
0  
0  
0  
0  
0  
0  
0  
0  
0  
0  
0  
0  
0  
0  
0  
0  
0  
0  
0  
0  
0  
0  
0  
0  
0  
0  
0  
0  
0  
0  
0  
1  mm 1377 348
1  mm 1374 348
0  
0  
2 T 1557169723.871000 R 
0  
0  
1  mm 1373 354
1  mm 1373 364
2  mm 1372 373 mm 1372 376
1  mm 1371 380
1  mm 1370 385
1  mm 1370 390
1  mm 1370 395
1  mm 1370 396
1  mm 1370 398
1  mm 1370 399
0  
0  
0  
0  
0  
0  
0  
0  
0  
0  
0  
1  mm 1370 401
1  mm 1370 404
1  mm 1370 409
1  mm 1370 414
1  mm 1370 418
1  mm 1370 419
0  
0  
0  
1  mb 1 1 1370 419
0  
1  md 1371 420
0  
0  
0  
1  mb 1 0 1371 420
0  
0  
0  
0  
0  
0  
0  
0  
0  
0  
0  
0  
0  
0  
0  
0  
0  
0  
0  
0  
0  
0  
0  
0  
0  
0  
0  
0  
0  
0  
0  
0  
0  
0  
0  
0  
0  
0  
0  
0  
0  
0  
0  
0  
0  
0  
0  
0  
0  
0  
0  
0  
0  
0  
0  
0  
0  
0  
0  
0  
2 T 1557169725.546000 R 
0  
0  
0  
0  
0  
0  
0  
0  
0  
0  
0  
0  
0  
0  
0  
0  
0  
0  
0  
0  
0  
0  
0  
0  
0  
0  
0  
0  
0  
0  
0  
0  
0  
0  
0  
0  
0  
0  
0  
0  
0  
0  
0  
0  
0  
0  
0  
0  
0  
0  
0  
0  
0  
0  
0  
0  
0  
0  
0  
0  
0  
0  
0  
0  
0  
0  
0  
0  
0  
0  
0  
0  
0  
0  
0  
0  
0  
0  
0  
0  
0  
0  
0  
0  
0  
0  
0  
0  
0  
1  sd 117 1371 420
0  
0  
0  
0  
0  
0  
0  
0  
0  
3 T 1557169728.007000 R su 117 1371 420
0  
0  
0  
0  
0  
0  
0  
0  
0  
0  
0  
0  
0  
0  
0  
0  
0  
0  
0  
0  
0  
0  
0  
0  
0  
0  
0  
0  
0  
0  
0  
0  
0  
0  
0  
0  
0  
0  
0  
0  
0  
0  
0  
0  
0  
0  
0  
0  
0  
0  
0  
0  
0  
0  
0  
0  
0  
0  
0  
0  
0  
0  
0  
0  
0  
0  
0  
0  
0  
0  
0  
0  
0  
0  
0  
0  
0  
0  
0  
0  
0  
0  
0  
0  
0  
0  
0  
0  
0  
0  
0  
0  
0  
0  
0  
0  
0  
0  
0  
2 T 1557169729.099000 T 1557169729.100000 
0  
0  
0  
0  
0  
0  
0  
0  
0  
0  
0  
0  
0  
0  
0  
0  
0  
0  
0  
0  
0  
0  
0  
1  mm 960 540
1  mm 962 531
0  
0  
0  
0  
0  
0  
0  
0  
0  
1  kd 27 962 531
0  
0  
0  
0  
0  
1  ku 27 962 531
0  
0  
0  
0  
0  
0  
0  
0  
0  
0  
0  
0  
0  
0  
0  
0  
0  
0  
0  
0  
0  
0  
0  
0  
0  
0  
0  
0  
1  sd 113 962 531
0  
0  
0  
0  
0  
0  
0  
0  
0  
0  
0  
0  
0  
0  
0  
0  
0  
0  
0  
0  
0  
0  
0  
0  
0  
1  kd 37 962 531
