1557176119 seed, 60 fps, 1920x1080, fullScreen=1, version60_mouseSpeed1.000000_musicOff0_musicLoudness1.000000_webRetrySeconds16 6AE1F26D71B23CC4993473343583E646F47A27A7
2 T 1557176120.584000 mm 708 684
0  
0  
0  
0  
0  
0  
0  
1  sd 117 708 684
0  
0  
0  
0  
1  su 117 708 684
0  
0  
0  
0  
0  
0  
0  
0  
0  
0  
0  
0  
0  
0  
0  
0  
0  
0  
0  
0  
0  
0  
0  
0  
0  
1  mm 960 540
0  
1  mm 544 1051
1  mm 749 787
0  
0  
0  
0  
0  
0  
0  
0  
0  
0  
0  
0  
0  
0  
0  
0  
0  
0  
0  
0  
0  
0  
0  
0  
0  
0  
0  
0  
0  
0  
0  
0  
0  
0  
0  
0  
0  
0  
0  
0  
0  
0  
0  
0  
0  
0  
0  
0  
0  
0  
0  
0  
0  
0  
0  
0  
2 T 1557176143.432000 R 
0  
0  
0  
0  
0  
0  
0  
0  
0  
0  
0  
0  
0  
0  
0  
0  
0  
0  
0  
0  
0  
0  
0  
0  
0  
0  
0  
0  
0  
0  
0  
0  
0  
0  
0  
0  
0  
0  
0  
0  
0  
0  
0  
0  
0  
0  
0  
0  
0  
0  
0  
0  
0  
0  
0  
0  
0  
0  
0  
0  
0  
0  
0  
0  
0  
0  
0  
0  
0  
0  
0  
0  
0  
0  
0  
0  
0  
0  
0  
0  
0  
0  
0  
0  
0  
0  
0  
0  
0  
0  
0  
0  
0  
0  
0  
0  
0  
0  
0  
2 T 1557176145.517000 R 
0  
0  
0  
0  
0  
0  
0  
0  
0  
0  
0  
0  
0  
0  
0  
0  
0  
0  
0  
0  
0  
0  
0  
0  
0  
0  
0  
0  
0  
0  
0  
0  
0  
0  
0  
0  
0  
0  
0  
0  
0  
0  
0  
0  
1  mm 749 742
1  mm 749 733
1  mm 749 712
1  mm 750 692
1  mm 753 674
1  mm 755 654
1  mm 759 629
1  mm 764 600
1  mm 776 559
1  mm 783 537
1  mm 788 519
1  mm 792 503
1  mm 796 491
1  mm 798 488
1  mm 799 487
0  
0  
0  
0  
0  
0  
0  
0  
0  
0  
0  
0  
0  
0  
0  
0  
0  
0  
1  mm 811 483
1  mm 828 473
1  mm 841 462
1  mm 874 432
1  mm 890 421
1  mm 922 398
1  mm 953 381
1  mm 980 366
1  mm 1010 356
1  mm 1053 343
1  mm 1085 334
2  mm 1118 325 mm 1135 320
1  mm 1150 316
1  mm 1174 308
2  mm 1194 300 mm 1202 296
1  mm 1209 293
1  mm 1218 289
1  mm 1229 284
1  mm 1242 279
1  mm 1257 274
1  mm 1272 269
1  mm 1281 264
3 T 1557176147.188000 R mm 1285 262
0  
0  
0  
0  
0  
0  
0  
0  
0  
1  mm 1269 262
1  mm 1239 262
1  mm 1183 262
1  mm 1148 262
1  mm 1113 262
1  mm 1084 262
1  mm 1063 262
2  mm 1051 262 mm 1046 262
1  mm 1042 264
1  mm 1034 265
1  mm 1028 265
1  mm 1023 265
1  mm 1017 265
1  mm 1011 265
1  mm 1001 265
1  mm 996 266
1  mm 991 267
0  
0  
0  
0  
1  mb 1 1 991 267
0  
0  
0  
0  
1  mb 1 0 991 267
0  
1  mm 993 272
1  mm 1014 281
1  mm 1044 289
1  mm 1062 292
1  mm 1106 299
1  mm 1150 305
1  mm 1185 310
1  mm 1214 314
1  mm 1234 317
1  mm 1243 317
1  mm 1257 319
1  mm 1272 321
1  mm 1282 324
1  mm 1290 326
1  mm 1297 330
2  mm 1305 334 mm 1307 335
1  mm 1315 339
1  mm 1319 343
1  mm 1325 348
1  mm 1333 355
2  mm 1336 359 mm 1340 363
1  mm 1343 367
1  mm 1355 378
1  mm 1362 385
1  mm 1370 390
1  mm 1377 397
1  mm 1385 405
1  mm 1386 406
1  mm 1389 409
0  
0  
0  
0  
0  
0  
0  
0  
0  
0  
0  
0  
0  
1  mb 1 1 1389 409
0  
0  
0  
0  
1  mb 1 0 1389 409
0  
0  
0  
0  
0  
0  
0  
0  
0  
0  
0  
0  
0  
0  
2 T 1557176148.851000 R 
0  
0  
0  
1  mm 1389 410
1  mm 1373 425
2  mm 1363 431 mm 1351 437
1  mm 1320 458
1  mm 1268 495
1  mm 1234 520
2  mm 1203 541 mm 1190 551
2  mm 1177 562 mm 1163 575
1  mm 1140 595
1  mm 1118 619
1  mm 1100 645
1  mm 1083 670
1  mm 1070 691
1  mm 1056 715
1  mm 1050 726
1  mm 1045 736
1  mm 1040 744
1  mm 1036 750
1  mm 1031 759
1  mm 1030 763
1  mm 1026 767
1  mm 1018 772
1  mm 1009 775
2  mm 1001 777 mm 997 779
1  mm 989 779
1  mm 982 779
1  mm 974 779
1  mm 973 779
0  
0  
0  
1  mm 971 777
1  mm 971 774
1  mm 968 771
0  
0  
0  
0  
0  
0  
2  mm 968 770 mm 968 768
1  mm 968 765
1  mm 968 764
0  
0  
0  
0  
0  
0  
0  
1  mb 1 1 968 764
1  md 969 762
1  md 971 761
1  md 973 761
1  md 975 759
0  
1  md 978 758
0  
1  md 980 757
0  
1  md 982 757
1  md 983 756
1  md 984 756
1  md 985 756
1  md 987 754
1  md 988 754
1  md 990 753
0  
1  md 992 753
1  md 993 753
1  md 994 752
1  md 997 752
1  md 999 751
1  md 1002 751
1  md 1004 751
2  md 1005 751 md 1007 751
1  md 1008 751
2  md 1009 751 md 1010 751
1  md 1012 751
1  md 1014 751
1  md 1015 751
1  md 1017 751
0  
1  md 1018 751
1  md 1019 751
1  md 1020 750
1  md 1021 749
0  
1  md 1022 749
0  
0  
1  md 1023 748
0  
1  md 1025 748
1  md 1026 747
1  md 1027 747
2 T 1557176150.534000 R 
0  
1  md 1028 746
1  md 1029 746
0  
0  
0  
0  
0  
0  
1  md 1028 746
1  md 1024 747
1  md 1021 749
1  md 1016 751
1  md 1011 753
1  md 1008 755
2  md 1006 756 md 1002 757
0  
1  md 997 759
1  md 993 760
0  
1  md 989 761
0  
1  md 987 761
1  md 986 761
1  md 983 762
1  md 982 762
0  
1  md 980 764
1  md 979 764
2  md 978 764 md 977 764
1  md 974 764
1  md 972 764
1  md 968 764
1  md 966 764
1  md 963 764
1  md 962 764
1  md 961 764
1  md 959 764
1  md 958 764
1  md 957 764
0  
1  md 956 764
0  
1  md 954 764
0  
0  
0  
0  
0  
0  
0  
0  
0  
0  
0  
0  
0  
0  
0  
1  mb 1 0 954 764
0  
0  
0  
0  
0  
1  mm 968 757
1  mm 984 739
1  mm 1005 719
1  mm 1032 697
1  mm 1078 663
1  mm 1111 639
1  mm 1140 618
1  mm 1183 589
1  mm 1201 579
1  mm 1213 571
1  mm 1223 563
1  mm 1233 557
1  mm 1244 549
1  mm 1250 546
1  mm 1259 541
1  mm 1267 537
1  mm 1273 532
1  mm 1277 529
1  mm 1282 526
1  mm 1287 522
1  mm 1293 517
1  mm 1300 509
2  mm 1304 504 mm 1307 501
2  mm 1311 497 mm 1314 493
2  mm 1316 491 mm 1319 487
1  mm 1323 483
2  mm 1325 482 mm 1328 481
0  
0  
0  
0  
0  
0  
1  mm 1333 479
3 T 1557176152.210000 R mm 1340 476
1  mm 1348 474
1  mm 1352 473
0  
0  
1  mb 1 1 1352 473
0  
0  
0  
0  
1  mb 1 0 1352 473
0  
0  
1  mm 1333 481
1  mm 1299 496
1  mm 1257 514
1  mm 1213 532
1  mm 1172 550
1  mm 1138 567
1  mm 1113 585
1  mm 1095 601
1  mm 1083 615
1  mm 1072 633
2  mm 1068 638 mm 1066 644
1  mm 1060 655
1  mm 1055 669
1  mm 1052 678
1  mm 1051 685
1  mm 1048 692
1  mm 1046 699
1  mm 1043 708
1  mm 1041 716
1  mm 1038 724
1  mm 1035 730
1  mm 1030 736
1  mm 1024 744
1  mm 1019 747
1  mm 1013 752
1  mm 1009 754
1  mm 1006 756
1  mm 1003 757
1  mm 1002 757
1  mm 999 759
1  mm 993 760
1  mm 986 760
1  mm 978 760
1  mm 972 761
1  mm 968 762
1  mm 967 762
0  
1  mm 966 762
0  
1  mm 963 763
1  mm 962 764
0  
1  mm 961 764
1  mm 959 764
0  
0  
0  
0  
0  
1  mb 1 1 959 764
0  
0  
0  
1  md 960 763
0  
1  md 962 762
1  md 963 762
1  md 964 762
1  md 965 761
1  md 967 761
1  md 968 761
0  
1  md 971 760
0  
1  md 972 759
1  md 975 758
0  
1  md 977 758
1  md 978 758
1  md 980 757
2  md 982 757 md 983 757
2  md 984 757 md 987 757
2  md 988 757 md 990 757
2  md 992 757 md 993 757
1  md 995 757
1  md 997 757
1  md 999 757
1  md 1002 757
1  md 1003 757
1  md 1005 757
1  md 1008 757
1  md 1010 757
1  md 1012 757
1  md 1013 757
1  md 1014 757
1  md 1015 757
0  
3 T 1557176153.872000 R md 1017 757
0  
0  
1  md 1018 757
0  
0  
0  
0  
0  
0  
1  mb 1 0 1018 757
1  mm 1019 758
1  mm 1018 759
0  
1  mm 1017 754
1  mm 1027 741
1  mm 1044 721
2  mm 1075 696 mm 1094 683
1  mm 1130 657
1  mm 1170 634
1  mm 1206 615
1  mm 1233 603
1  mm 1252 596
1  mm 1265 589
1  mm 1275 586
1  mm 1279 583
0  
0  
1  mm 1280 583
1  mm 1282 582
1  mm 1290 578
1  mm 1294 576
1  mm 1297 574
1  mm 1299 574
1  mm 1302 573
1  mm 1307 572
1  mm 1314 569
1  mm 1324 566
1  mm 1334 562
1  mm 1343 558
1  mm 1349 556
2  mm 1354 553 mm 1355 553
1  mm 1356 552
0  
0  
0  
0  
0  
0  
0  
0  
0  
0  
0  
0  
0  
0  
0  
0  
1  mb 1 1 1356 552
0  
0  
1  mb 1 0 1356 552
0  
1  mm 1346 552
1  mm 1322 560
1  mm 1260 580
1  mm 1208 597
1  mm 1161 617
1  mm 1124 637
2  mm 1098 656 mm 1090 664
1  mm 1085 674
1  mm 1078 689
1  mm 1076 701
1  mm 1073 712
1  mm 1072 720
1  mm 1070 726
2  mm 1068 730 mm 1067 733
1  mm 1066 736
1  mm 1066 739
0  
1  mm 1065 741
0  
1  mm 1065 744
1  mm 1061 746
1  mm 1060 747
1  mm 1057 748
1  mm 1053 750
1  mm 1049 752
1  mm 1044 755
1  mm 1039 757
1  mm 1033 760
1  mm 1027 762
1  mm 1021 764
1  mm 1018 765
1  mm 1016 765
0  
0  
0  
0  
2 T 1557176155.535000 R 
0  
0  
0  
0  
0  
0  
0  
0  
1  mb 1 1 1016 765
0  
1  md 1013 766
1  md 1012 766
1  md 1010 767
1  md 1009 767
1  md 1006 769
0  
0  
1  md 1002 769
1  md 1001 770
1  md 999 770
1  md 998 770
1  md 995 771
1  md 993 772
1  md 991 772
0  
1  md 989 772
2  md 988 772 md 987 773
1  md 986 774
0  
0  
0  
1  md 984 774
0  
1  md 982 775
0  
0  
0  
0  
1  md 981 775
0  
0  
1  md 979 775
0  
0  
0  
1  md 978 775
1  md 977 775
0  
1  md 974 775
0  
0  
0  
0  
0  
0  
0  
1  md 973 775
0  
0  
0  
0  
0  
0  
0  
0  
0  
0  
0  
0  
0  
1  md 972 775
0  
0  
0  
0  
0  
1  md 971 775
0  
1  md 968 774
0  
0  
0  
0  
0  
0  
0  
0  
0  
0  
0  
0  
0  
0  
0  
0  
0  
0  
0  
0  
2 T 1557176157.202000 R 
0  
0  
0  
0  
0  
0  
0  
0  
0  
0  
0  
0  
1  md 967 774
0  
1  md 966 774
0  
0  
1  md 964 774
0  
1  md 963 774
0  
0  
1  md 962 774
0  
1  md 961 774
0  
1  md 959 774
0  
1  md 958 774
0  
0  
0  
0  
0  
1  md 957 774
0  
0  
0  
0  
0  
0  
0  
0  
0  
0  
0  
0  
0  
0  
0  
1  mb 1 0 957 774
0  
1  mm 956 773
1  mm 961 764
1  mm 969 756
1  mm 980 746
2  mm 1002 728 mm 1015 717
1  mm 1052 691
1  mm 1088 666
1  mm 1122 644
1  mm 1152 627
1  mm 1185 607
2  mm 1195 603 mm 1203 599
1  mm 1218 593
1  mm 1230 591
1  mm 1242 589
1  mm 1254 587
1  mm 1265 586
1  mm 1270 586
1  mm 1272 586
0  
0  
1  mm 1278 586
1  mm 1287 587
1  mm 1295 593
1  mm 1302 600
1  mm 1308 605
1  mm 1314 609
1  mm 1318 610
1  mm 1322 611
1  mm 1324 611
1  mm 1330 611
1  mm 1340 611
1  mm 1354 611
1  mm 1366 611
2  mm 1374 611 mm 1378 611
1  mm 1379 611
0  
1  mm 1380 610
0  
0  
0  
0  
0  
0  
0  
0  
0  
1  mb 1 1 1380 610
2 T 1557176158.869000 R 
0  
0  
0  
0  
0  
1  mb 1 0 1380 610
0  
0  
0  
1  mm 1367 612
1  mm 1345 617
1  mm 1314 624
1  mm 1276 631
1  mm 1227 640
1  mm 1182 651
1  mm 1145 665
1  mm 1102 684
1  mm 1085 695
1  mm 1071 706
1  mm 1060 715
1  mm 1050 724
1  mm 1041 732
1  mm 1027 743
1  mm 1018 751
1  mm 1011 756
1  mm 1003 762
1  mm 997 767
1  mm 994 770
1  mm 993 771
1  mm 992 772
0  
0  
1  mm 990 774
1  mm 988 776
1  mm 987 777
1  mm 986 777
1  mm 983 779
1  mm 979 780
1  mm 976 781
0  
0  
1  mm 974 781
1  mm 972 781
1  mm 967 779
1  mm 963 775
1  mm 961 770
1  mm 959 761
1  mm 958 759
1  mm 958 758
0  
0  
0  
0  
0  
0  
0  
0  
0  
1  mb 1 1 958 758
0  
0  
0  
0  
0  
0  
0  
2  md 959 757 md 960 756
0  
0  
1  md 963 756
1  md 964 756
1  md 965 756
0  
1  md 967 756
1  md 970 754
0  
1  md 972 754
1  md 974 753
0  
1  md 975 753
1  md 978 753
1  md 980 752
1  md 982 752
1  md 983 752
1  md 984 752
1  md 985 752
1  md 987 751
1  md 988 751
1  md 989 751
0  
1  md 990 751
0  
1  md 993 751
1  md 994 751
0  
1  md 997 749
1  md 998 749
0  
1  md 999 749
3 T 1557176160.540000 R md 1000 749
1  md 1002 749
1  md 1004 748
0  
1  md 1005 748
1  md 1007 748
0  
1  md 1009 747
0  
0  
1  md 1010 747
0  
0  
0  
0  
0  
0  
0  
0  
0  
0  
0  
1  md 1009 747
1  md 1008 747
0  
1  md 1007 747
1  md 1006 747
1  md 1004 747
1  md 1001 748
0  
1  md 998 749
1  md 997 749
1  md 996 750
1  md 994 750
1  md 992 751
0  
1  md 989 751
1  md 987 751
2  md 986 752 md 984 752
0  
2  md 982 753 md 981 754
0  
1  md 979 754
1  md 978 755
1  md 976 755
1  md 974 756
0  
1  md 972 756
1  md 971 757
0  
1  md 969 757
1  md 968 757
1  md 966 758
0  
1  md 965 759
0  
1  md 964 759
0  
1  md 963 759
0  
0  
0  
0  
0  
0  
0  
0  
0  
0  
0  
1  mb 1 0 963 759
0  
0  
0  
1  mm 979 739
1  mm 1003 711
1  mm 1043 671
1  mm 1083 634
1  mm 1121 602
1  mm 1155 576
1  mm 1187 554
1  mm 1213 536
1  mm 1233 518
1  mm 1245 508
1  mm 1258 493
1  mm 1264 487
1  mm 1271 481
1  mm 1276 476
1  mm 1281 472
1  mm 1286 465
1  mm 1291 458
1  mm 1295 452
1  mm 1302 444
1  mm 1308 437
1  mm 1315 432
1  mm 1327 423
2  mm 1337 417 mm 1342 414
2  mm 1347 412 mm 1351 410
2  mm 1354 409 mm 1357 409
0  
3 T 1557176162.206000 R mm 1358 409
0  
0  
0  
0  
0  
1  mb 1 1 1358 409
0  
0  
0  
0  
1  mb 1 0 1358 409
0  
0  
0  
0  
0  
0  
0  
0  
0  
0  
0  
0  
0  
0  
0  
0  
0  
0  
0  
0  
0  
0  
0  
0  
0  
0  
0  
0  
0  
0  
0  
0  
0  
0  
0  
0  
0  
0  
0  
0  
0  
0  
0  
0  
0  
0  
0  
0  
0  
0  
0  
0  
0  
0  
0  
0  
0  
0  
0  
0  
0  
0  
0  
0  
0  
0  
0  
0  
0  
0  
0  
0  
0  
0  
0  
0  
0  
0  
0  
0  
0  
0  
0  
0  
0  
0  
0  
0  
2 T 1557176163.870000 R 
0  
0  
1  kd 27 1358 409
0  
0  
0  
0  
0  
1  ku 27 1358 409
0  
0  
0  
0  
0  
0  
0  
0  
0  
0  
0  
0  
0  
0  
0  
0  
0  
0  
0  
0  
0  
0  
0  
0  
0  
0  
0  
0  
0  
0  
0  
0  
0  
0  
0  
0  
0  
0  
0  
0  
0  
0  
0  
0  
0  
0  
0  
0  
0  
0  
0  
1  sd 113 1358 409
0  
0  
0  
0  
0  
0  
0  
0  
0  
1  kd 37 1358 409
